Random BST size vs. height (Insertion)
-----------------------------------------
101  12
201  14
301  18
400  20
499  20
598  21
695  22
792  22
891  22
988  23
1084  23
1181  23
1274  23
1371  24
1470  24
1565  24
1660  24
1758  24
1852  25
1949  25
2039  25
2136  25
2229  25
2320  25
2413  25
2504  25
2597  26
2690  26
2782  27
2873  27
2960  27
3046  27
3136  27
3226  27
3317  27
3408  27
3500  27
3585  27
3671  27
3757  27
3845  27
3937  27
4025  28
4115  28
4208  28
4300  28
4390  28
4478  28
4563  28
4646  28
4736  28
4823  28
4906  28
4987  28
5069  28
5157  28
5241  29
5323  29
5405  30
5491  30
5571  30
5654  30
5735  30
5819  30
5900  30
5984  30
6059  30
6142  30
6218  30
6295  30
6372  30
6451  30
6533  30
6611  30
6691  30
6774  30
6850  30
6928  30
7003  30
7080  30
7162  30
7247  30
7330  30
7415  30
7496  30
7571  30
7647  30
7727  30
7809  30
7887  30
7965  30
8040  30
8117  30
8189  30
8257  30
8331  30
8409  30
8478  30
8554  30
Random BST size vs. height (Deletion)
-----------------------------------------
8528  30
8428  30
8328  30
8229  30
8130  30
8031  30
7934  30
7837  30
7738  30
7641  30
7545  30
7448  30
7355  30
7258  30
7159  30
7064  30
6969  30
6871  30
6777  30
6680  30
6590  30
6493  30
6400  30
6309  30
6216  30
6125  30
6032  30
5939  30
5847  29
5756  29
5669  29
5583  29
5493  29
5403  29
5312  29
5221  29
5129  29
5044  29
4958  29
4872  29
4784  29
4692  29
4604  29
4514  29
4421  29
4329  29
4239  29
4151  29
4066  29
3983  29
3892  29
3806  28
3723  27
3641  27
3560  27
3472  27
3387  26
3305  26
3223  26
3137  26
3058  26
2975  26
2894  26
2809  26
2728  26
2645  26
2570  25
2486  25
2411  25
2334  25
2257  25
2178  25
2096  25
2018  25
1938  25
1855  24
1778  24
1701  24
1626  24
1548  24
1467  24
1382  23
1299  22
1214  22
1133  21
1058  21
982  21
902  21
820  21
742  20
664  20
588  20
512  20
440  19
372  19
298  18
220  15
151  14
74  12